=====================================================
N=256, K=128, design_Eb/N0=2.5 dB, R=0.5000
=====================================================
Info indices (all 128):
[  0   3   5   6   9  10  12  15  16  19  21  22  25  26  28  31  32  35  37  38  41  42  44  47  49  50  52  55  56
  59  61  62  64  67  69  70  73  74  76  79  81  82  84  87  88  91  93  94  97  98 100 103 104 107 109 110 112 115
 117 118 121 122 124 127 128 131 133 134 137 138 140 143 145 146 148 151 152 155 157 158 161 162 164 167 168 171 173
 174 176 179 181 182 185 186 188 191 193 194 196 199 200 203 205 206 208 211 213 214 217 218 220 223 224 227 229 230
 233 234 236 239 241 242 244 247 248 251 253 254]
Frozen indices (all 128):
[  1   2   4   7   8  11  13  14  17  18  20  23  24  27  29  30  33  34  36  39  40  43  45  46  48  51  53  54  57
  58  60  63  65  66  68  71  72  75  77  78  80  83  85  86  89  90  92  95  96  99 101 102 105 106 108 111 113 114
 116 119 120 123 125 126 129 130 132 135 136 139 141 142 144 147 149 150 153 154 156 159 160 163 165 166 169 170 172
 175 177 178 180 183 184 187 189 190 192 195 197 198 201 202 204 207 209 210 212 215 216 219 221 222 225 226 228 231
 232 235 237 238 240 243 245 246 249 250 252 255]
-----------------------------------------------------
=====================================================
N=512, K=128, design_Eb/N0=2.5 dB, R=0.2500
=====================================================
Info indices (all 128):
[  0   6  10  12  16  22  26  28  32  38  42  44  50  52  56  62  64  70  74  76  82  84  88  94  98 100 104 110 112
 118 122 124 128 134 138 140 146 148 152 158 162 164 168 174 176 182 186 188 194 196 200 206 208 214 218 220 224 230
 234 236 242 244 248 254 256 262 266 268 274 276 280 286 290 292 296 302 304 310 314 316 322 324 328 334 336 342 346
 348 352 358 362 364 370 372 376 382 386 388 392 398 400 406 410 412 416 422 426 428 434 436 440 446 448 454 458 460
 466 468 472 478 482 484 488 494 496 502 506 508]
Frozen indices (all 384):
[  1   2   3   4   5   7   8   9  11  13  14  15  17  18  19  20  21  23  24  25  27  29  30  31  33  34  35  36  37
  39  40  41  43  45  46  47  48  49  51  53  54  55  57  58  59  60  61  63  65  66  67  68  69  71  72  73  75  77
  78  79  80  81  83  85  86  87  89  90  91  92  93  95  96  97  99 101 102 103 105 106 107 108 109 111 113 114 115
 116 117 119 120 121 123 125 126 127 129 130 131 132 133 135 136 137 139 141 142 143 144 145 147 149 150 151 153 154
 155 156 157 159 160 161 163 165 166 167 169 170 171 172 173 175 177 178 179 180 181 183 184 185 187 189 190 191 192
 193 195 197 198 199 201 202 203 204 205 207 209 210 211 212 213 215 216 217 219 221 222 223 225 226 227 228 229 231
 232 233 235 237 238 239 240 241 243 245 246 247 249 250 251 252 253 255 257 258 259 260 261 263 264 265 267 269 270
 271 272 273 275 277 278 279 281 282 283 284 285 287 288 289 291 293 294 295 297 298 299 300 301 303 305 306 307 308
 309 311 312 313 315 317 318 319 320 321 323 325 326 327 329 330 331 332 333 335 337 338 339 340 341 343 344 345 347
 349 350 351 353 354 355 356 357 359 360 361 363 365 366 367 368 369 371 373 374 375 377 378 379 380 381 383 384 385
 387 389 390 391 393 394 395 396 397 399 401 402 403 404 405 407 408 409 411 413 414 415 417 418 419 420 421 423 424
 425 427 429 430 431 432 433 435 437 438 439 441 442 443 444 445 447 449 450 451 452 453 455 456 457 459 461 462 463
 464 465 467 469 470 471 473 474 475 476 477 479 480 481 483 485 486 487 489 490 491 492 493 495 497 498 499 500 501
 503 504 505 507 509 510 511]
-----------------------------------------------------
=====================================================
N=1024, K=128, design_Eb/N0=2.5 dB, R=0.1250
=====================================================
Info indices (all 128):
[   0   12   16   28   32   44   52   56   64   76   84   88  100  104  112  124  128  140  148  152  164  168  176
  188  196  200  208  220  224  236  244  248  256  268  276  280  292  296  304  316  324  328  336  348  352  364
  372  376  388  392  400  412  416  428  436  440  448  460  468  472  484  488  496  508  512  524  532  536  548
  552  560  572  580  584  592  604  608  620  628  632  644  648  656  668  672  684  692  696  704  716  724  728
  740  744  752  764  772  776  784  796  800  812  820  824  832  844  852  856  868  872  880  892  896  908  916
  920  932  936  944  956  964  968  976  988  992 1004 1012 1016]
Frozen indices (all 896):
[   1    2    3    4    5    6    7    8    9   10   11   13   14   15   17   18   19   20   21   22   23   24   25
   26   27   29   30   31   33   34   35   36   37   38   39   40   41   42   43   45   46   47   48   49   50   51
   53   54   55   57   58   59   60   61   62   63   65   66   67   68   69   70   71   72   73   74   75   77   78
   79   80   81   82   83   85   86   87   89   90   91   92   93   94   95   96   97   98   99  101  102  103  105
  106  107  108  109  110  111  113  114  115  116  117  118  119  120  121  122  123  125  126  127  129  130  131
  132  133  134  135  136  137  138  139  141  142  143  144  145  146  147  149  150  151  153  154  155  156  157
  158  159  160  161  162  163  165  166  167  169  170  171  172  173  174  175  177  178  179  180  181  182  183
  184  185  186  187  189  190  191  192  193  194  195  197  198  199  201  202  203  204  205  206  207  209  210
  211  212  213  214  215  216  217  218  219  221  222  223  225  226  227  228  229  230  231  232  233  234  235
  237  238  239  240  241  242  243  245  246  247  249  250  251  252  253  254  255  257  258  259  260  261  262
  263  264  265  266  267  269  270  271  272  273  274  275  277  278  279  281  282  283  284  285  286  287  288
  289  290  291  293  294  295  297  298  299  300  301  302  303  305  306  307  308  309  310  311  312  313  314
  315  317  318  319  320  321  322  323  325  326  327  329  330  331  332  333  334  335  337  338  339  340  341
  342  343  344  345  346  347  349  350  351  353  354  355  356  357  358  359  360  361  362  363  365  366  367
  368  369  370  371  373  374  375  377  378  379  380  381  382  383  384  385  386  387  389  390  391  393  394
  395  396  397  398  399  401  402  403  404  405  406  407  408  409  410  411  413  414  415  417  418  419  420
  421  422  423  424  425  426  427  429  430  431  432  433  434  435  437  438  439  441  442  443  444  445  446
  447  449  450  451  452  453  454  455  456  457  458  459  461  462  463  464  465  466  467  469  470  471  473
  474  475  476  477  478  479  480  481  482  483  485  486  487  489  490  491  492  493  494  495  497  498  499
  500  501  502  503  504  505  506  507  509  510  511  513  514  515  516  517  518  519  520  521  522  523  525
  526  527  528  529  530  531  533  534  535  537  538  539  540  541  542  543  544  545  546  547  549  550  551
  553  554  555  556  557  558  559  561  562  563  564  565  566  567  568  569  570  571  573  574  575  576  577
  578  579  581  582  583  585  586  587  588  589  590  591  593  594  595  596  597  598  599  600  601  602  603
  605  606  607  609  610  611  612  613  614  615  616  617  618  619  621  622  623  624  625  626  627  629  630
  631  633  634  635  636  637  638  639  640  641  642  643  645  646  647  649  650  651  652  653  654  655  657
  658  659  660  661  662  663  664  665  666  667  669  670  671  673  674  675  676  677  678  679  680  681  682
  683  685  686  687  688  689  690  691  693  694  695  697  698  699  700  701  702  703  705  706  707  708  709
  710  711  712  713  714  715  717  718  719  720  721  722  723  725  726  727  729  730  731  732  733  734  735
  736  737  738  739  741  742  743  745  746  747  748  749  750  751  753  754  755  756  757  758  759  760  761
  762  763  765  766  767  768  769  770  771  773  774  775  777  778  779  780  781  782  783  785  786  787  788
  789  790  791  792  793  794  795  797  798  799  801  802  803  804  805  806  807  808  809  810  811  813  814
  815  816  817  818  819  821  822  823  825  826  827  828  829  830  831  833  834  835  836  837  838  839  840
  841  842  843  845  846  847  848  849  850  851  853  854  855  857  858  859  860  861  862  863  864  865  866
  867  869  870  871  873  874  875  876  877  878  879  881  882  883  884  885  886  887  888  889  890  891  893
  894  895  897  898  899  900  901  902  903  904  905  906  907  909  910  911  912  913  914  915  917  918  919
  921  922  923  924  925  926  927  928  929  930  931  933  934  935  937  938  939  940  941  942  943  945  946
  947  948  949  950  951  952  953  954  955  957  958  959  960  961  962  963  965  966  967  969  970  971  972
  973  974  975  977  978  979  980  981  982  983  984  985  986  987  989  990  991  993  994  995  996  997  998
  999 1000 1001 1002 1003 1005 1006 1007 1008 1009 1010 1011 1013 1014 1015 1017 1018 1019 1020 1021 1022 1023]
-----------------------------------------------------
